   7.1112617e+02   5.1149048e+03   1.8970777e+03
   5.4622627e+02   1.5595900e+03   1.6406446e+03
   5.3620383e+03   5.4033758e+03   4.7283925e+02
   5.4353196e+03   5.3601349e+03   1.4561269e+03
   4.4815706e+03   7.9456350e+02   1.2652838e+03
   5.1281189e+03   4.4363610e+03   2.8784773e+03
   3.6721479e+03   1.9998540e+02   2.5473879e+03
   5.2303622e+03   3.8009169e+03   2.2732204e+03
   4.1615418e+03   2.1964713e+03   1.9664337e+03
   9.5864545e+02   3.9538581e+03   9.5498539e+01
   1.5507687e+03   2.5855979e+02   2.9139534e+02
   4.6113638e+03   3.8910403e+03   9.5129844e+02
   5.3212435e+03   1.9289805e+02   1.3162331e+03
   2.1367274e+03   4.2868940e+03   2.3855997e+03
   1.0464866e+03   2.7426806e+03   1.3367586e+03
   3.6193529e+03   3.9724431e+03   2.2640600e+03
   1.5457404e+03   3.8063350e+03   1.9652940e+03
   9.1062572e+02   6.6638702e+02   1.4950922e+03
   5.3745662e+03   1.9061601e+03   1.7558033e+03
   1.2533469e+03   4.2070955e+03   7.6528535e+02
   2.8333595e+03   3.9148296e+03   2.6727098e+03
   5.3720320e+03   3.0644070e+03   4.1587333e+02
   8.3604643e+02   1.4420462e+03   2.5221518e+03
   1.4239802e+03   4.5599950e+03   7.3057491e+02
   5.2038763e+03   1.9599091e+03   5.8978575e+02
   1.4060696e+03   3.4498502e+03   1.4198665e+03
   1.9692932e+03   4.6526403e+03   1.7557923e+03
   3.0784522e+03   5.1362845e+03   8.5751706e+02
   4.2403213e+03   4.2208829e+03   1.1413375e+03
   3.1798012e+03   4.2478402e+02   1.6185036e+02
   2.9724663e+03   4.3633365e+03   2.8020321e+03
   7.2747477e+02   3.1854125e+03   1.4081719e+03
   6.6651589e+01   1.8878868e+03   4.8654692e+02
   4.4479934e+03   1.7428042e+03   1.5855994e+03
   9.2763289e+02   3.3710989e+03   7.8891385e+02
   3.6628430e+03   3.8596012e+03   2.2444548e+03
   2.5230330e+03   4.6939972e+02   6.8693091e+02
   5.1146892e+03   8.5331691e+02   2.4774509e+03
   3.0147176e+03   5.5783544e+03   2.3452659e+02
   2.4789983e+03   5.9725551e+02   2.8856942e+03
   2.5951655e+01   4.3394986e+03   2.4519097e+03
   4.8646904e+03   4.7284073e+02   1.1993479e+03
   1.4552743e+03   4.4803835e+03   1.2942415e+03
   5.0996265e+03   1.0183434e+03   7.9140875e+02
   8.1501829e+02   7.6198393e+02   2.6078766e+03
   3.2463457e+03   3.0792171e+03   4.3486439e+02
   4.7769743e+03   3.4835087e+03   1.0528571e+03
   2.8741974e+03   2.2501250e+03   2.2790008e+02
   1.3435305e+03   6.9058604e+02   5.5172336e+02
   1.3437341e+03   2.3366956e+03   1.4896329e+02
   5.0552102e+03   5.2908083e+03   1.4725923e+03
   2.7398148e+03   1.8912287e+03   2.7001615e+03
   2.0677820e+03   6.2273543e+02   2.3407562e+03
   2.1825375e+03   1.3534712e+03   1.2117364e+03
   5.4014534e+02   7.3905044e+02   2.8261518e+03
   5.3543534e+03   3.2211681e+03   1.7933863e+02
   1.3147675e+03   1.9776880e+03   2.4635821e+03
   8.6259251e+01   2.4093329e+02   5.0697009e+02
   3.6350467e+03   4.0976454e+03   1.9432379e+03
   2.5251728e+03   3.0632498e+03   8.8896242e+02
   4.1702797e+03   1.0581481e+03   2.0603263e+03
   1.0276625e+03   2.0635137e+03   1.8768557e+03
   4.3692736e+03   4.5430431e+02   2.7881579e+03
   4.3439910e+03   2.7260331e+03   1.3075758e+03
   2.5019890e+03   1.7155570e+03   1.5255260e+03
   2.8603208e+03   4.5787152e+03   2.3844943e+03
   3.6081815e+03   2.1202125e+03   2.4347414e+03
   2.9838233e+03   1.9640718e+03   2.8170047e+03
   4.9052797e+03   3.0808755e+03   1.8674253e+03
   3.2874503e+03   1.1633568e+03   9.0373899e+02
   2.6371708e+03   1.2907337e+03   2.5329264e+03
   1.0906800e+03   1.2651620e+03   5.1212414e+02
   1.2749201e+03   2.4399126e+03   9.3330686e+02
   5.1709260e+03   2.4091614e+03   5.5444896e+02
   5.0673334e+03   5.4865909e+03   1.3166099e+03
   6.2226765e+02   1.4451623e+03   1.2261595e+03
   3.3314180e+03   1.4683858e+03   1.8085293e+03
   3.9828084e+03   1.2417817e+03   3.5225295e+02
   1.6613849e+03   1.7851585e+03   1.2725003e+03
   2.8440064e+03   4.7888846e+02   7.8744670e+02
   4.4856819e+03   1.6363355e+02   2.7865624e+03
   4.0898528e+03   2.7362103e+03   1.7355752e+03
   1.3287880e+03   2.5695534e+03   2.8892656e+03
   3.0621120e+03   2.9183607e+03   6.9478316e+02
   2.7378274e+03   3.4947365e+03   2.0374066e+03
   2.2148852e+03   2.0576452e+03   2.9639460e+03
   2.1133765e+02   4.9569408e+03   2.7398605e+03
   4.4586297e+03   5.5278876e+02   7.8561355e+02
   1.8779983e+03   3.8064765e+03   4.0965941e+02
   4.0388740e+03   5.9786643e+02   1.9612720e+03
   2.7673740e+03   4.3626897e+03   2.1451112e+03
   5.0608351e+03   4.9891660e+03   1.0024892e+03
   3.9129767e+03   1.1077350e+03   9.1622839e+01
   4.1668159e+03   2.8001256e+03   1.4397664e+03
   5.0664445e+03   3.4152532e+03   1.8529992e+03
   4.8128769e+03   4.5107408e+03   1.7301645e+03
   1.0243658e+03   1.3436193e+03   2.6595358e+03
   1.6057525e+02   2.7434478e+03   5.0378144e+02
   5.4806116e+03   3.9910890e+03   1.5014149e+03
   2.6380949e+03   3.3386566e+02   2.0459157e+03
   2.3761437e+02   4.0009460e+02   1.5649495e+03
   5.4168814e+02   4.5816319e+03   2.4526413e+03
   4.0456617e+03   8.3924648e+02   1.9788158e+03
   2.9041317e+03   5.4486575e+03   1.9469745e+03
   4.4818512e+03   2.5412672e+03   1.2971745e+03
   4.6217573e+03   4.6743096e+02   3.9951302e+02
   9.7097623e+02   2.1892517e+03   2.4941392e+03
   4.4988406e+03   3.3863860e+02   1.1977733e+03
   2.9505047e+03   2.3340770e+03   1.9705797e+03
   3.5166508e+03   1.6351108e+03   1.2949535e+03
   8.6727904e+01   5.5107569e+03   5.0150523e+02
   5.9481153e+02   2.0854945e+03   5.9435521e+02
   2.7422508e+03   1.9011631e+03   2.8548914e+03
   5.1538594e+03   2.9499119e+02   2.2135743e+03
   1.5070688e+03   2.3678794e+03   1.6436127e+03
   5.2793271e+03   2.3393670e+03   2.9491574e+03
   1.6881477e+03   3.9261530e+03   1.9990166e+03
   3.0191082e+03   3.9093909e+03   1.9995837e+03
   9.9754174e+02   7.1688064e+02   2.9972412e+03
   9.5827797e+02   1.8256459e+02   1.6835994e+03
   4.9384524e+03   3.7473817e+03   5.7129980e+02
   2.0659327e+03   2.5800652e+03   2.9449139e+03
   8.7586773e+02   4.7909277e+03   1.9342936e+03
   2.1071244e+03   1.0691727e+03   1.2847590e+03
   2.6993235e+03   6.7542503e+02   1.7685225e+03
   1.2666510e+03   2.1538671e+03   1.7489591e+03
   1.4101143e+03   1.6264677e+03   1.8512727e+03
   1.4855731e+03   4.6165071e+03   2.9479902e+03
   4.0893932e+03   1.9257112e+03   1.7522080e+03
   6.0350649e+02   5.0753256e+03   2.6389612e+03
   4.5794591e+03   1.4600768e+03   1.7830688e+03
   1.2607052e+02   2.3814522e+03   9.3815666e+02
   9.0431457e+02   1.0010906e+03   1.2686571e+03
   5.2768430e+02   3.3517325e+03   1.4127728e+03
   3.8973162e+03   3.9193720e+03   1.9155923e+03
   1.8818148e+02   3.8531416e+02   9.5879921e+02
   2.9728400e+03   3.6648960e+03   1.2228576e+03
   4.5918948e+03   4.0228101e+03   2.9059480e+03
   2.9754699e+03   1.8208158e+03   3.1688761e+02
   3.4213685e+03   4.3612926e+03   1.2703588e+03
   5.0861040e+02   1.4922403e+03   4.6097015e+02
   1.5736297e+03   2.4644768e+03   1.5814282e+03
   2.5615764e+03   4.9020810e+03   1.5541563e+03
   5.2842867e+03   3.5711709e+03   2.8730818e+03
   1.3479594e+03   3.7862849e+03   8.6719372e+02
   3.7621257e+03   3.8927868e+03   2.0397831e+02
   1.4268249e+03   1.2546242e+03   2.0034982e+03
   4.7285961e+03   1.9289895e+03   2.3415590e+03
   3.7818596e+03   3.7605760e+01   1.8065115e+03
   2.1659187e+03   5.1295510e+03   3.4531714e+00
   2.5897153e+03   2.3763546e+03   1.3827491e+03
   4.3128945e+03   1.8058421e+03   2.3542179e+03
   2.6396001e+03   2.0027131e+02   5.2762325e+02
   4.0418450e+03   2.6515216e+03   4.5816360e+02
   1.9102978e+03   3.4013796e+03   5.7523577e+02
   4.1351903e+03   1.3599578e+03   2.7522730e+03
   1.5067449e+03   4.2868001e+03   5.6598593e+02
   1.6099898e+03   5.1023540e+02   1.7286281e+03
   3.8268342e+03   3.0609214e+03   1.2771865e+03
   3.6088796e+03   3.6266587e+03   2.0370503e+03
   3.5604056e+03   5.2929750e+03   6.2680477e+02
   3.9719775e+03   1.3228912e+03   3.5818874e+02
   3.4009021e+03   2.5207711e+03   1.3761765e+03
   3.7068906e+03   4.3135989e+03   1.0506540e+03
   3.7072538e+03   2.3304881e+03   2.5257875e+03
   4.6643342e+03   1.4360696e+03   1.8403822e+03
   3.2605953e+03   3.0281403e+03   2.6098231e+03
   1.4827625e+03   1.7812148e+03   3.5764362e+02
   5.2630450e+03   3.6150905e+03   1.4383897e+03
   3.5801750e+03   3.0504102e+03   1.9419344e+03
   3.0457612e+03   4.0378611e+03   1.5674859e+03
   5.5647459e+03   1.2245891e+03   3.1739482e+02
   6.1430580e+02   3.5611168e+02   1.2137400e+03
   2.5108883e+03   2.0485706e+03   2.2905139e+03
   3.5162197e+03   4.3230902e+03   2.7985607e+03
   5.4473488e+03   1.0753588e+03   4.1662261e+02
   3.8990915e+03   5.2539215e+02   1.5762132e+03
   2.9699276e+03   4.8223829e+03   1.4545600e+03
   2.2033556e+03   3.7600144e+03   2.2237738e+03
   2.9122938e+03   1.9471910e+03   4.4999176e+02
   3.2821156e+03   1.4680138e+03   1.3336228e+02
   4.2276263e+03   1.3595980e+03   1.3272069e+03
   3.8516581e+03   2.0116780e+03   2.2090202e+03
   2.2103619e+03   3.8271289e+03   2.1121423e+03
   2.4769103e+03   1.0963469e+02   9.9257364e+02
   2.3761332e+03   1.5135144e+03   5.9116139e+02
   4.6016386e+03   2.4075599e+03   2.6633129e+03
   2.1906248e+03   4.3070406e+03   1.1903746e+03
   4.5276789e+03   4.2284318e+03   1.1321866e+03
   1.2097059e+03   4.4262804e+03   2.8479117e+03
   1.8343664e+03   3.7590805e+03   1.3159349e+03
   4.6676033e+03   4.3055838e+03   5.0176064e+02
   4.8270907e+03   5.5432841e+03   1.5432704e+03
   4.9519737e+03   3.2929459e+03   4.6425705e+02
   1.1192318e+03   2.2789471e+03   2.2461172e+03
   4.6232694e+03   4.4237930e+03   9.5557274e+02
   2.9907591e+03   5.0372380e+02   3.3511723e+02
   7.6323827e+02   3.8004529e+03   1.4855311e+03
   1.0623783e+03   2.7720326e+03   4.4282467e+02
   3.0785522e+02   4.7639910e+03   1.6816786e+03
   5.2058097e+03   3.9013363e+03   1.7483729e+03
   4.5662244e+03   4.9224779e+03   2.9667348e+03
   2.9253020e+00   4.8464561e+03   1.8376994e+03
   5.5437212e+03   2.9550084e+03   1.4385702e+03
   4.4875466e+03   1.2759204e+03   1.4942829e+03
   5.0447739e+03   3.2181028e+03   2.5355346e+03
   4.1363856e+03   3.2815274e+03   7.4020358e+02
   3.7319308e+03   4.6750376e+02   1.8778794e+03
   3.7012895e+03   4.0866104e+03   2.6722563e+03
   5.5008980e+03   4.3065629e+03   1.7443395e+03
   5.1985531e+03   3.2485060e+03   5.0948815e+01
   6.7681360e+02   4.8311800e+03   1.4528895e+03
   4.7311918e+03   1.1726685e+03   1.6568740e+03
   3.5273470e+03   1.7914969e+02   1.8441403e+03
   2.0295042e+03   2.7738244e+02   1.4687100e+03
   1.0780582e+03   6.8926899e+02   6.1648251e+02
   8.2048350e+02   1.0588042e+03   1.2795723e+02
   3.5571083e+03   1.5784544e+03   1.6157900e+03
   3.8929130e+03   2.7950497e+03   1.6074032e+03
   2.4930257e+03   6.9402075e+02   1.4710719e+03
   4.7767897e+03   4.8939935e+03   8.1088300e+02
   1.1673836e+03   3.1638856e+03   1.9209355e+03
   2.3353621e+03   1.1534629e+03   2.8437994e+03
   4.5959876e+02   5.9197279e+02   4.2612337e+02
   9.3217847e+02   3.4773684e+03   1.7211293e+03
   2.9163619e+02   5.2147278e+03   2.1859850e+03
   4.1319133e+03   3.5506520e+02   2.5813217e+03
   5.2326687e+03   5.5126305e+03   2.5768165e+03
   4.3991303e+03   2.8749135e+03   5.3280738e+02
   2.2321012e+03   7.5001501e+02   9.2668646e+01
   5.2591936e+03   1.6873140e+03   8.8660150e+02
   1.8644432e+03   2.6155818e+03   1.9445952e+03
   1.4127782e+02   4.7163570e+03   1.6770976e+03
   4.7829597e+03   1.9481235e+03   1.3380799e+03
   3.0374111e+02   9.9180219e+02   1.9884242e+03
   1.8526424e+03   5.0315224e+03   3.5446560e+02
   5.5351404e+03   3.0238998e+03   2.1207523e+03
   5.5971531e+03   1.6119563e+03   1.2435676e+03
   2.6031037e+03   4.2781596e+03   2.4546121e+03
   5.6124063e+02   9.9745494e+02   1.0789047e+03
   3.1754626e+02   2.9225598e+03   1.0075469e+03
   9.8374657e+02   1.1701014e+03   2.7154607e+03
   3.7821906e+03   2.6234219e+03   2.7363974e+03
   5.8246482e+02   4.1750580e+03   2.2088024e+03
   3.1464240e+03   1.0314869e+03   1.7916341e+03
   1.6796471e+03   7.5108842e+02   6.3780460e+02
   5.0116734e+03   4.0013575e+02   7.2745968e+02
   3.0102460e+02   2.4736435e+03   3.9849601e+01
   5.0242716e+03   1.1012859e+03   2.8011155e+02
   1.7212546e+03   2.5539229e+03   3.0500818e+02
   5.5741825e+03   1.8597199e+03   8.9204045e+02
   3.4745324e+02   1.6701662e+03   1.3905379e+02
   2.8303976e+03   4.2639850e+03   1.8932100e+03
   5.0339324e+02   4.5282957e+02   2.3317216e+03
   5.0687546e+03   2.9891229e+03   3.2746264e+02
   4.6245296e+03   1.8933472e+03   8.8191916e+02
   4.1793552e+03   5.7885063e+01   1.4534202e+02
   3.7403303e+03   3.3794207e+03   1.5783074e+03
   4.0863729e+03   3.9606195e+03   2.3441312e+03
   1.6126711e+03   3.8781791e+03   1.6700095e+03
   2.2205164e+03   3.4490774e+02   2.3405266e+03
   1.8904696e+03   3.4040491e+03   2.2237621e+03
   5.8695416e+02   7.1617493e+02   1.6486203e+03
   2.7172847e+03   4.9866638e+03   2.3968808e+03
   4.1123101e+03   2.8745856e+02   2.1865590e+02
   4.9575377e+02   4.4707648e+03   2.8290244e+03
   3.8288072e+03   7.3966455e+02   2.1681736e+03
   6.1797949e+02   6.5795997e+02   1.9221538e+03
   1.8413596e+03   3.6613473e+03   2.2473944e+03
   3.2658401e+03   4.1441810e+03   7.0448074e+02
   4.1157622e+03   5.4353517e+03   2.6007909e+03
   4.8291337e+02   2.0520451e+03   1.1075964e+03
   3.8361594e+03   3.3484732e+03   2.3680918e+03
   2.0588563e+03   1.1537560e+03   2.5999964e+02
   4.3228299e+03   1.1517773e+03   1.1648149e+03
   3.0899598e+03   1.2821382e+03   1.9258219e+03
   2.7130901e+03   8.5033494e+02   2.3457959e+03
   5.6339541e+02   1.6467715e+03   7.1211906e+02
   2.9728846e+03   5.1239290e+02   1.2159463e+03
   5.8713898e+02   6.2879019e+02   2.3532837e+03
   1.6327938e+03   3.3797873e+03   2.8932680e+03
   2.4219160e+03   3.8906123e+03   2.2742978e+03
   2.4227970e+03   3.6707890e+03   3.2926515e+02
   5.2290552e+03   1.0497805e+03   7.9853652e+02
   4.4678495e+03   2.7305811e+03   2.3068748e+03
   2.2176378e+03   1.5284572e+03   1.1170390e+02
   3.7704515e+03   2.4055610e+03   1.3552177e+03
   3.4152001e+03   3.3265846e+02   9.4743432e+02
   4.3272439e+03   3.9000247e+03   3.7599654e+02
   7.2884812e+02   5.1717310e+02   2.3460881e+01
   2.3694126e+03   3.6712098e+03   2.1687676e+03
   2.9747720e+03   6.0938045e+02   1.8952991e+03
   7.0839925e+02   7.5209850e+02   2.9578228e+02
   7.9535259e+02   9.4220727e+02   5.8874677e+02
   1.7778867e+03   1.7720024e+03   6.5268993e+02
   1.4058343e+03   5.0003655e+03   2.1096697e+03
   3.1121325e+03   1.0328285e+03   6.3609253e+02
   4.3314213e+02   5.1172823e+03   2.1201457e+03
   3.1236182e+03   1.7552023e+03   4.9861069e+02
   3.4859847e+03   5.5324345e+03   5.1129607e+02
   1.4436366e+03   2.2220762e+03   2.2198431e+02
   3.8309380e+03   2.2533747e+03   2.9485056e+03
   2.2522303e+03   3.4757629e+03   4.6310942e+02
   2.1355331e+03   9.0235024e+02   2.2743373e+03
   4.8782223e+03   1.9643498e+03   2.0566071e+03
   1.6472323e+03   2.9715241e+03   2.4972702e+03
   3.3459451e+03   1.8777435e+03   8.9767507e+02
   2.5345182e+03   2.3668157e+03   1.0788190e+03
   3.1265875e+03   4.1582540e+03   1.2730044e+03
   2.4043924e+03   6.9928745e+02   7.3302048e+01
   1.6250375e+03   1.7781153e+03   1.9610704e+03
   5.3588412e+03   5.2400929e+03   1.3736590e+03
   1.3466790e+03   4.2778285e+03   2.2779821e+03
   4.1476292e+03   4.1646547e+03   3.1776125e+02
   3.8167384e+03   2.5942592e+03   6.3648962e+02
   5.5170493e+02   4.6120171e+03   5.2502921e+02
   9.1599149e+02   3.7295284e+03   2.6831681e+03
   2.8927260e+03   3.9351329e+03   4.6077113e+02
   5.3393596e+03   3.0289509e+03   2.0392017e+03
   2.0475290e+02   4.5315416e+03   2.2458566e+03
   6.7304730e+02   2.9402529e+03   9.7750089e+02
   3.0601169e+03   2.2337322e+03   1.2452802e+03
   1.0121315e+03   1.4301657e+03   6.1607324e+01
   5.1725834e+03   3.6607194e+03   2.7978407e+03
   9.1566926e+02   5.1581446e+03   2.3839737e+03
   3.2334075e+03   2.4641993e+03   7.7284121e+02
   4.2108998e+03   1.2805491e+03   1.9256126e+02
   4.2970453e+03   3.7587322e+03   2.1456375e+03
   3.5955406e+03   2.3466704e+03   1.1722862e+03
   4.5703846e+03   1.7775960e+03   2.4436193e+03
   4.4188117e+03   4.7726778e+03   1.5169099e+03
   3.5597038e+03   5.3250087e+03   1.3318925e+03
   3.3610539e+02   4.8537994e+03   1.8935662e+03
   1.9884125e+03   5.5832183e+03   6.7251450e+02
   3.6537260e+03   3.3879476e+03   1.1617363e+03
   7.9624809e+02   1.4075592e+02   1.2633368e+03
   1.0309616e+03   4.0643415e+03   1.1110881e+03
   4.7127365e+03   4.1116863e+03   1.7130776e+03
   9.9038832e+02   5.3613505e+03   7.9596611e+02
   5.1776530e+03   1.2531143e+03   1.1206914e+03
   4.9000196e+02   3.5846527e+03   5.4185066e+02
   2.5228620e+02   4.0497715e+03   1.0423129e+03
   3.6994542e+03   2.1496642e+03   1.8820395e+03
   1.2123896e+02   5.0991919e+03   2.4016760e+03
   4.1767459e+03   4.5534318e+03   1.1499190e+03
   3.4567637e+03   3.2227712e+03   1.5901551e+03
   1.5403906e+03   1.3923222e+03   1.3549163e+03
   1.2751918e+03   4.5049177e+03   2.9583127e+03
   1.6795492e+02   2.9997195e+03   2.6123166e+02
   4.4917121e+03   5.5392115e+03   2.0083878e+02
   5.2606308e+03   1.0179419e+02   2.0515158e+03
   4.3889243e+03   2.9911704e+03   2.6560784e+03
   5.0344274e+03   3.5052507e+03   4.1360698e+02
   1.2196889e+03   1.0199900e+03   1.2545959e+02
   5.9887329e+02   3.4520835e+03   2.8189830e+03
   1.9849521e+03   2.2995229e+03   2.9530483e+03
   5.2952435e+03   3.7892102e+03   2.9649068e+03
   4.2942558e+03   1.8855159e+03   1.9871456e+03
   1.3673256e+03   1.6548406e+03   2.0405351e+03
   2.9559423e+03   2.3049237e+03   1.8079147e+03
   4.2029123e+03   3.2677858e+03   1.6553775e+03
   3.2679955e+03   2.8661916e+03   2.4777818e+02
   4.0295928e+03   5.5784742e+03   1.0636029e+03
   5.4390494e+03   1.9401131e+03   2.6596316e+03
   2.5462912e+03   2.3151928e+03   6.5319621e+02
   7.0366569e+02   1.7299217e+03   2.1783133e+03
   4.3840836e+03   3.8852106e+03   2.9406757e+01
   4.7219947e+03   5.1650592e+03   2.3128627e+03
   2.3889519e+02   2.1178424e+03   2.1130189e+03
   4.0852731e+03   1.2559516e+03   8.0716420e+02
   3.7689745e+03   2.6739563e+03   1.8711492e+03
   1.3240916e+03   9.9189303e+02   2.4889302e+03
   4.2947613e+03   5.2330783e+03   3.2366672e+02
   1.0204740e+03   5.5493358e+02   1.4692914e+03
   1.0821739e+03   5.0169928e+03   2.9726895e+02
   2.4732720e+02   3.1208529e+03   2.3174852e+03
   1.7468643e+03   1.0023019e+03   1.0168670e+03
   1.1768156e+03   2.8568541e+03   2.7190930e+03
   3.5219741e+03   5.6858978e+02   1.1725643e+03
   3.0585305e+02   2.8071843e+03   1.2951635e+03
   5.5863380e+03   4.5449745e+03   1.4569550e+03
   5.0089074e+03   7.7026093e+02   1.1700147e+03
   5.1931949e+03   5.1379655e+03   2.1407220e+03
   3.4626893e+03   1.9224122e+03   2.8080820e+03
   6.9873463e+02   4.0912780e+03   1.9394323e+03
   4.6656511e+03   2.2303805e+03   2.2494666e+03
   4.6772349e+03   1.8057782e+03   1.6567849e+03
   5.4831231e+03   3.0761278e+03   9.9127083e+02
   3.4690407e+03   2.0195648e+03   2.2695286e+03
   2.3178442e+03   2.7571326e+03   2.0842297e+03
   5.4473098e+03   1.8354278e+03   2.5134095e+03
   4.1388045e+03   5.3433770e+03   9.5767889e+01
   1.9984663e+03   3.7108615e+03   8.4450468e+02
   1.2901452e+03   3.9823199e+03   1.8737188e+03
   3.3074085e+03   3.6984526e+03   1.4266402e+02
   1.9531949e+03   2.5275072e+03   7.2271499e+02
   4.0042521e+03   4.7946208e+03   8.4452309e+02
   4.0938846e+03   7.7147220e+02   2.5101683e+03
   7.7616961e+02   3.2939726e+03   1.0984704e+03
   4.5178535e+03   2.8211724e+03   1.4687830e+03
   4.9114729e+03   1.9775942e+03   1.3483307e+03
   5.3957696e+03   2.3686767e+02   2.9188750e+03
   1.0595583e+03   3.7358737e+03   1.7593188e+03
   3.7806295e+03   2.0217235e+03   1.8608353e+03
   4.5424450e+03   1.0784187e+02   2.5162052e+02
   5.4588893e+03   3.6475574e+03   6.9371345e+02
   2.2595504e+03   6.8331490e+02   8.0531646e+02
   1.4439386e+03   1.8573253e+03   4.5670204e+02
   1.9488429e+03   6.8128734e+02   2.6524592e+03
   5.2795898e+02   5.2082275e+03   1.1970599e+03
   2.6544819e+02   1.9172916e+03   2.2078985e+03
   4.4502201e+03   3.0514730e+03   2.0586704e+03
   5.0043431e+03   3.0683402e+02   9.1098414e+02
   2.5867272e+02   1.0946699e+03   2.1604974e+03
   4.0418183e+03   4.9156748e+03   1.7472989e+03
   3.9583228e+02   5.1673696e+03   2.4011163e+03
   1.6013024e+03   3.0445141e+03   2.9543287e+03
   4.0077972e+03   4.6982297e+03   1.2997817e+03
   2.6354984e+03   3.1399951e+03   8.0727463e+02
   4.1945034e+03   2.8217715e+03   1.9404290e+03
   1.7233753e+03   7.7685796e+02   1.4267188e+03
   2.0297720e+03   4.4134352e+03   2.3408875e+03
   3.7436684e+03   7.4762161e+02   6.4667662e+01
   3.1351080e+03   1.6845865e+03   2.8182291e+03
   5.4930604e+03   1.6050742e+03   2.4024609e+03
   5.0182236e+03   3.3461488e+03   2.6520502e+03
   5.2848966e+03   3.0752853e+03   2.1851605e+03
   3.2298465e+03   1.4480184e+02   1.3395929e+03
   3.6192910e+03   2.9187365e+03   1.1169380e+03
   5.2479541e+03   4.6453838e+03   2.5472564e+03
   2.0861917e+03   3.3218336e+03   2.6176577e+03
   5.2276090e+03   3.7433999e+03   6.2032937e+02
   3.6615633e+03   4.0348869e+02   1.2201807e+03
   3.7348166e+03   5.2288637e+03   2.4328501e+03
   2.7134703e+03   4.2377956e+03   1.2511424e+03
   5.4420016e+03   5.5326583e+03   2.5924426e+03
   2.1777491e+03   2.5465542e+03   7.4006159e+02
   4.3927693e+03   4.9438906e+03   2.7411350e+03
   3.1263956e+03   3.3536614e+03   4.4663016e+02
   5.0383955e+03   2.5222041e+03   6.1701702e+02
   5.0380455e+03   4.2704790e+03   2.6474589e+03
   1.5957212e+03   3.7700655e+03   1.9928397e+03
   6.8776397e+02   2.2809832e+03   8.2586085e+02
   4.0133505e+03   1.5869525e+03   2.6885966e+03
   4.6288418e+03   2.1841485e+03   1.4937088e+03
   3.8909091e+03   4.6724664e+03   1.8288891e+03
   3.2185281e+03   1.8258362e+03   1.3692738e+03
   3.9972553e+03   4.9526683e+03   2.1625670e+03
   1.0423154e+02   3.7787482e+03   1.3155265e+03
   2.4517930e+03   6.5540619e+02   2.4440451e+03
   1.8191905e+03   1.3788774e+03   1.0281397e+03
   2.1038760e+03   3.0607012e+03   1.6857605e+03
   2.2166045e+03   2.2295329e+03   1.5461017e+03
   3.6821710e+03   5.3251251e+03   2.1670455e+03
   2.2404466e+03   4.6584795e+03   4.0301503e+02
   3.3861392e+02   4.7178349e+02   4.9169495e+02
   1.8156316e+03   1.6896700e+03   3.5042973e+01
   3.0234685e+03   5.3408708e+02   4.3954457e+02
   3.5343908e+03   4.8121943e+03   2.9226649e+03
   3.1966952e+03   5.5823612e+03   1.6606247e+03
   2.8865673e+03   1.8518196e+03   1.2900054e+03
   2.7541150e+03   3.9780767e+02   2.6632176e+03
   3.6194811e+02   2.4426358e+03   2.4798885e+03
   2.2093942e+03   3.4354593e+03   2.4559222e+03
   4.9629162e+03   5.2142251e+03   5.7235394e+02
   1.4480606e+03   5.0280478e+03   1.7800856e+03
   2.8215045e+03   3.4317337e+03   2.4582667e+03
   2.9785793e+03   1.1316205e+03   1.3616804e+03
   2.3963012e+03   5.4098954e+03   1.8601652e+03
   3.8941837e+03   4.0329218e+03   1.0406856e+03
   2.8951464e+03   3.1174899e+03   4.6948566e+02
   3.1475139e+03   3.8908984e+03   1.2793666e+03
   4.6831144e+03   4.0957676e+03   1.0800931e+03
   2.5435893e+03   2.1637834e+03   2.3266639e+03
   4.1119182e+03   2.4095559e+03   2.0812577e+03
   5.2931955e+03   4.3917026e+03   2.1167156e+03
   6.1227174e+02   2.1836117e+03   1.7727142e+03
   2.5725283e+03   2.8190393e+02   6.8606275e+02
   4.6714587e+03   8.7610279e+01   2.5911326e+03
   4.3718670e+02   3.7466385e+03   1.5006340e+03
   1.2207653e+03   3.2010481e+03   3.6656745e+02
   3.7585309e+03   3.3576791e+03   1.6792847e+02
   3.1552090e+02   8.5400357e+02   5.8863200e+01
   2.4369831e+03   4.6604403e+03   1.8521705e+03
   2.9127247e+03   4.8376620e+03   2.9309375e+02
   5.0850923e+03   6.0489349e+02   1.5509903e+03
   8.0167372e+02   3.1324752e+03   1.3738872e+01
   4.2934192e+03   4.7527717e+03   2.7504638e+03
   5.5270223e+03   2.8287454e+03   8.1426487e+02
   5.6420287e+02   2.8439535e+03   1.7568274e+03
   4.2721677e+03   4.6459084e+02   1.9847886e+03
   2.8950825e+03   9.5786890e+02   2.8156736e+03
   3.3067058e+03   2.4675542e+03   2.8257568e+03
   3.6731174e+03   2.5308960e+03   2.5190923e+03
   2.9826916e+03   3.1017676e+03   2.0401966e+03
   2.0562635e+03   1.3400274e+03   1.7367705e+03
   4.8545675e+03   2.2779499e+03   3.3784542e+02
   2.4855367e+03   1.6810326e+03   1.2041606e+03
   4.6668360e+03   2.2603205e+03   1.1705278e+03
   2.0185138e+03   7.8543001e+02   7.8039058e+02
   4.8616456e+02   2.4046251e+03   7.7184835e+02
   1.6663102e+03   2.3792071e+03   3.5762178e+02
   2.7723748e+03   3.9558805e+03   7.3072012e+02
   4.3963925e+03   4.1490163e+02   1.1816503e+03
   1.9007089e+01   1.2357906e+03   3.9017061e+00
   1.0594062e+03   7.9791071e+02   8.0422800e+02
   9.7939557e+02   7.7643424e+02   1.7966568e+03
   5.0459243e+03   5.2605267e+03   6.6355337e+02
   2.7029597e+03   2.1056622e+03   1.5713401e+03
   1.4832865e+03   3.8280043e+02   1.3089812e+03
   9.7357701e+02   1.4619981e+02   2.8640348e+03
   2.4113405e+03   5.3847280e+03   2.2872435e+03
   4.1152502e+01   3.8082164e+03   2.1178523e+03
   3.6127212e+03   3.0929351e+03   6.5432619e+02
   4.3252508e+03   1.2769586e+03   1.1125942e+03
   4.9892014e+03   4.7957107e+03   1.2073006e+03
   1.7809071e+03   3.4083584e+03   2.7305857e+03
   5.0909499e+03   3.3129287e+03   9.9771422e+02
   4.7771563e+03   2.4774282e+03   2.7130664e+03
   1.8580467e+02   2.9815883e+03   2.1494920e+03
   1.0040903e+03   1.8845844e+03   5.6313885e+02
   1.8027922e+03   2.2615976e+03   1.6456989e+03
   2.7293612e+02   3.0952999e+03   8.2443421e+02
   1.3524098e+03   1.3616130e+03   4.6247835e+02
   5.3559316e+03   5.2397037e+03   2.4561433e+03
   4.0782663e+03   9.8454568e+02   1.0811129e+03
   1.0572238e+03   6.7110223e+00   9.4925854e+02
   3.9178551e+03   3.5014290e+03   1.6291865e+03
   2.4586083e+03   1.6095927e+03   1.5049773e+03
   4.2646586e+03   4.2694851e+03   1.7281677e+03
   4.1869119e+03   3.6149932e+03   3.6965855e+02
   2.8246280e+03   1.9446634e+03   2.7644305e+02
   8.2795702e+02   1.1097503e+03   2.0168107e+03
   2.4164626e+03   3.8886619e+03   7.7035369e+02
   5.4648439e+01   2.9807852e+03   8.3817590e+02
   5.2988889e+03   5.0760823e+03   1.1780537e+03
   1.3918931e+02   3.7600461e+03   2.5115119e+03
   5.4403980e+03   3.1882416e+02   1.3509714e+03
   3.2618337e+03   3.8451718e+03   2.1582983e+03
   3.6402282e+03   4.0707215e+03   1.1215430e+03
   3.2568597e+03   6.5026367e+02   1.7296308e+02
   5.4866853e+03   1.5950129e+03   1.7849229e+03
   5.3881018e+03   1.0403583e+03   5.7911945e+02
   1.9132070e+03   5.2242282e+03   1.1720026e+03
   1.5300136e+03   8.5090365e+02   1.1913265e+03
   2.0984458e+03   7.3424236e+02   1.3051222e+03
   5.1247374e+02   3.4419110e+03   3.2937277e+01
   3.2102581e+03   4.4224872e+03   7.0610032e+02
   2.5089104e+03   3.1884058e+03   1.8420433e+02
   2.7792178e+03   3.5969653e+03   6.6379719e+02
   4.6875161e+03   5.4380213e+03   2.5391187e+03
   2.8335970e+03   1.5617034e+03   2.2398517e+03
   1.3268102e+03   5.3611336e+03   1.8607801e+03
   3.3614680e+03   9.6658521e+02   2.7104021e+02
   1.4294683e+03   4.8079950e+03   2.7332012e+03
   3.9179491e+03   4.0610212e+03   6.8965824e+02
   3.2258994e+03   4.5395174e+03   1.2115301e+03
   5.5352599e+03   5.0399336e+02   9.6282310e+02
   2.8638901e+03   3.3939565e+02   2.1770638e+03
   3.1167122e+03   2.9644155e+03   2.4899473e+03
   4.8090506e+03   4.4185620e+03   9.5349916e+02
   2.5323617e+03   4.2124766e+03   3.2958512e+02
   6.1455726e+02   1.5113485e+03   1.5739120e+03
   5.4468460e+03   3.9782886e+03   9.3557984e+02
   1.6321599e+03   4.7620011e+03   2.7349423e+03
   3.5799464e+03   1.4300737e+03   2.6599752e+02
   4.6942313e+03   3.2744243e+03   2.8443262e+03
   3.4176200e+02   3.2739913e+03   8.5532426e+02
   4.6353002e+03   1.0695241e+03   1.3275899e+03
   2.2031044e+03   4.6288143e+03   2.0306133e+03
   1.1625770e+03   1.7813865e+03   4.0143296e+02
   3.7601922e+03   3.1975500e+03   5.0930120e+02
   8.2687235e+02   2.6660464e+03   2.7243072e+03
   3.0921801e+03   1.8446340e+02   1.6158878e+02
   4.5083541e+03   2.5276992e+03   1.1479387e+03
   4.4220047e+03   2.0400065e+03   1.5970498e+03
   3.9852776e+03   4.8802685e+03   9.8606884e+02
   3.6406609e+03   5.4590824e+03   2.2790208e+02
   3.2873073e+03   2.3177644e+03   9.2740928e+02
   1.4774706e+03   4.2490911e+03   2.9856479e+03
   1.0448001e+03   4.3744135e+03   5.8739394e+02
   5.5572102e+03   4.4926648e+03   1.2726801e+03
   4.0816377e+03   2.7907801e+03   2.4269708e+03
   1.9964500e+03   4.1016323e+02   1.7729744e+03
   5.0970519e+03   1.0850892e+03   1.2971034e+03
   4.1952945e+03   2.1943313e+02   2.8389750e+03
   4.2765706e+03   3.1293951e+03   5.5152883e+02
   2.7885134e+03   2.8999354e+03   2.9827290e+03
   4.7871694e+03   5.3894621e+03   2.0368230e+03
   2.2596078e+03   5.2358829e+03   1.4384536e+03
   1.2980330e+03   2.2192254e+03   2.1152324e+03
   3.1279306e+03   4.2371319e+03   2.9864432e+03
   5.3896159e+03   2.9963758e+03   2.8916104e+03
   6.4750492e+02   2.8811044e+02   9.1304684e+02
   3.2490743e+03   2.9734009e+03   2.7036243e+03
   3.0270824e+03   2.4190914e+03   1.6280010e+03
   3.9895229e+03   9.3378392e+01   2.4027626e+03
   7.9805222e+02   2.6794570e+03   7.7050606e+02
   2.0669135e+03   3.7058835e+03   5.0882644e+02
   1.5611905e+03   1.1100420e+03   5.8521460e+02
   1.8303020e+03   4.9298920e+03   1.4133056e+03
   2.2622285e+03   1.0036963e+03   2.9067750e+03
   2.2817521e+03   4.7291294e+03   1.8459753e+03
   2.1090220e+03   4.9122178e+03   2.3545573e+03
   2.6037440e+03   4.5582708e+03   2.6953324e+03
   2.4037358e+03   1.8722447e+03   1.7899413e+03
   5.0511485e+03   3.9315721e+03   1.1323653e+03
   4.1157532e+03   5.3429756e+03   1.6284393e+03
   3.0245927e+03   1.7422140e+03   2.1370372e+02
   1.0190906e+03   5.2073799e+02   1.3904677e+03
   5.2262067e+01   5.1241451e+03   1.9282252e+03
   7.9467259e+00   1.7015753e+02   6.2541067e+02
   2.5478104e+03   7.1268979e+02   2.5943064e+01
   4.0716458e+03   1.9830522e+03   2.3413378e+03
   2.4452772e+03   2.4447068e+03   1.4763954e+02
   2.7793865e+02   5.1016098e+02   1.7821111e+03
   1.3500707e+03   4.7116670e+03   2.5716383e+03
   5.3962283e+03   2.7378388e+03   6.6093030e+02
   1.2667684e+03   3.0060117e+03   2.2863291e+03
   1.9463760e+03   2.5828979e+03   1.9179713e+03
   5.1370818e+03   9.0480641e+02   2.1469062e+03
   3.2353377e+03   2.4264743e+03   2.6527283e+03
   2.2010898e+03   1.0022609e+03   1.9000007e+03
   3.4944031e+03   1.8364729e+03   2.4088959e+03
   5.5970760e+03   5.4934777e+03   3.8111083e+02
   1.3005448e+03   1.3234181e+02   1.8222978e+03
   6.2053220e+02   2.2817732e+03   2.6522304e+03
   3.0695436e+03   2.0664172e+03   6.2503795e+02
   2.4692823e+03   5.3546985e+03   3.7207775e+02
   2.6362742e+03   4.7986194e+03   1.3017141e+02
   3.8731008e+03   5.4823186e+03   8.4980370e+02
   7.4917080e+02   3.8375662e+03   2.7283637e+03
   3.4208663e+03   5.0399037e+03   5.8030126e+02
   4.2247777e+03   1.9390600e+03   1.2558762e+03
   8.7203105e+02   4.5864033e+03   1.8747706e+03
   4.1359384e+03   4.5086296e+03   2.0166797e+02
   5.3244258e+03   2.7864313e+03   2.2654377e+03
   4.1574684e+03   4.6543256e+03   4.6950554e+02
   2.5609288e+03   3.4613628e+03   2.7965501e+03
   4.6764941e+03   5.0143717e+03   1.7475556e+03
   3.2633821e+03   4.7875853e+03   1.0459710e+02
   4.9583525e+03   2.2832925e+03   1.0914609e+02
   4.1784285e+03   8.6704112e+02   4.3172499e+02
   3.3933707e+03   1.4250927e+03   9.7246262e+02
   2.2500291e+03   2.2756906e+03   1.1585734e+03
   3.4148902e+03   9.3458805e+02   5.6427622e+02
   5.2992167e+02   1.8098431e+03   2.3087908e+03
   1.3110608e+03   4.1460466e+03   2.0784552e+03
   4.6148380e+03   4.6366743e+03   8.8010380e+02
   1.7324678e+03   2.9289669e+03   9.7589698e+02
   4.6583181e+03   4.5376508e+03   1.6709948e+03
   1.4725986e+03   3.8111707e+03   7.0095944e+02
   2.5559820e+03   2.1535746e+03   1.6158043e+03
   5.5535408e+03   4.2292342e+03   2.9413645e+03
   1.3147828e+03   2.9599309e+03   1.5430816e+02
   4.2385026e+03   3.3710867e+03   2.5715061e+03
   5.5343520e+03   5.2051130e+03   1.2285448e+03
   1.9121884e+00   3.0289186e+03   6.2319187e+02
   1.2279881e+03   1.8245151e+03   2.8784825e+02
   4.1861885e+03   4.1916502e+03   1.6298983e+03
   1.8935410e+03   4.6610685e+03   1.6577165e+03
   5.3622415e+03   4.9998666e+03   1.0695109e+03
   3.0598506e+03   1.9414178e+03   1.8684084e+03
   4.4610982e+03   4.1768994e+03   3.7660869e+02
   4.6054064e+03   1.4084281e+02   1.2432866e+03
   4.0958818e+03   4.3756944e+03   1.1018577e+03
   4.1712600e+03   4.9966963e+03   7.2781016e+02
   7.2574306e+02   1.2603801e+03   1.0500418e+03
   1.6076738e+03   5.1939328e+03   1.5394127e+02
   3.3189338e+03   9.1223384e+02   2.5152173e+03
   9.3834121e+02   2.8123234e+03   2.9979884e+03
   1.9902800e+03   2.6363517e+02   6.4098176e+02
   2.2278991e+03   1.8685418e+03   6.8880760e+02
   5.2422730e+03   3.8258572e+03   2.8863414e+03
   2.4526498e+03   5.2658853e+03   1.7502974e+01
   3.4177194e+03   4.4860242e+03   6.9894460e+02
   5.2218246e+03   4.2742715e+03   2.4793486e+03
   3.2113961e+03   4.4384573e+03   9.8712359e+02
   1.2513871e+03   1.7493635e+03   1.7535704e+03
   4.6475192e+03   1.6265900e+03   1.2076632e+03
   4.8275209e+03   3.4425415e+03   2.9735634e+03
   1.1407137e+03   4.6323709e+03   2.0275849e+03
   1.3941170e+03   2.6643995e+03   1.1972257e+03
   3.3568542e+03   4.4829275e+03   3.1520631e+02
   4.6000763e+03   4.7100834e+03   1.0635187e+03
   2.4083890e+03   3.2045396e+03   2.1024742e+03
   4.1578306e+03   4.2441512e+03   1.1673863e+03
   2.4040939e+03   5.3555301e+03   1.7189141e+03
   4.7584435e+03   1.5475338e+03   1.8669708e+03
   3.2948254e+03   5.3954234e+03   2.5770808e+02
   2.8027938e+03   2.9209022e+03   2.7049801e+02
   5.0661323e+03   4.9525781e+03   1.3169690e+03
   4.3776466e+03   8.3140413e+02   1.8594478e+03
   1.4594926e+03   2.4956748e+03   2.5319985e+03
   1.0987475e+03   1.7015691e+03   1.4498837e+03
   1.8917474e+03   4.4715206e+03   2.9624627e+03
   8.9066631e+02   1.3265268e+03   2.1067099e+03
   2.1026413e+03   5.4527475e+03   2.9169167e+03
   3.6047091e+03   4.8165537e+03   1.2056502e+03
   3.5388125e+03   5.5173252e+03   1.6784322e+03
   5.2281147e+03   4.0339220e+03   1.4521156e+03
   3.5785741e+03   4.9707664e+03   5.9621025e+02
   2.2140511e+03   5.5561817e+03   1.2070549e+03
   3.6895963e+03   5.0475495e+03   2.9861453e+03
   3.6577144e+03   6.0724400e+02   1.0834209e+02
   3.4613109e+03   3.1760084e+03   2.8858940e+03
   4.1781906e+03   3.7100902e+03   1.5699400e+03
   1.4554080e+03   5.3871651e+03   1.6206121e+03
   1.6951292e+02   3.8993610e+03   1.5591485e+03
   3.3057111e+02   4.9842029e+03   9.9060673e+02
   1.2863267e+03   6.3811240e+02   9.3276814e+02
   1.2792210e+03   3.6511841e+03   1.9848037e+02
   1.5424157e+03   1.5781933e+03   2.6401988e+03
   2.4882500e+03   4.2331191e+03   1.8098891e+03
   4.3862892e+03   6.3801158e+02   2.9356917e+03
   4.7521414e+03   2.8362039e+02   1.3986055e+03
   1.8236583e+03   3.5291487e+03   6.9089749e+02
   3.2473559e+03   3.3776754e+03   1.7996373e+03
   2.5111961e+03   1.9837138e+02   1.5414445e+03
   2.2832889e+03   6.0505781e+02   1.3796269e+03
   2.5249434e+03   3.0863859e+03   2.4162130e+03
   3.9247604e+03   4.8845188e+03   1.5657646e+02
   1.2302153e+03   2.5739953e+03   2.8756008e+03
   4.4242540e+03   2.5304978e+03   1.0002846e+03
   3.3093375e+02   4.1490697e+03   1.5203836e+03
   1.1195823e+03   2.3922839e+03   5.0607084e+02
   4.2094897e+03   2.0627647e+03   2.8254534e+03
   9.6166229e+01   4.6427131e+03   1.8797729e+03
   3.0169805e+03   3.6428428e+03   2.1798886e+03
   5.2913596e+02   4.9144140e+03   4.3086432e+01
   1.6480947e+03   1.0075233e+03   2.7788828e+03
   3.8181045e+02   3.2541221e+03   1.9114537e+03
   3.6471079e+03   4.8418833e+03   1.6785759e+02
   4.5743890e+03   2.9619658e+03   2.0830517e+03
   1.1894674e+03   3.0423677e+03   2.1075608e+03
   5.3560335e+03   2.4894361e+03   2.5619349e+02
   3.2110483e+02   3.5249227e+03   2.3885372e+03
   3.8706715e+03   1.9337240e+03   2.8404500e+03
   2.9130658e+03   5.3413529e+03   2.2078691e+02
   1.1593789e+03   4.3401558e+03   2.7425635e+03
   4.3822836e+03   1.6549915e+03   4.5553717e+02
   4.7482989e+03   4.3951857e+03   8.1249451e+02
   1.2757399e+03   1.7977300e+03   2.4886854e+03
   4.6042203e+03   3.1958240e+03   1.7154889e+03
   1.6017023e+03   3.9151479e+03   2.3887738e+03
   2.4728987e+03   2.4988074e+03   1.3969872e+03
   1.5626194e+03   3.7821018e+03   2.7109936e+03
   5.0877450e+03   4.1843029e+03   7.8153452e+02
   3.8619719e+03   7.3825173e+02   3.7050250e+02
   1.0690560e+03   8.1609976e+02   1.7551308e+03
   4.1082546e+02   4.6050268e+03   2.1687089e+03
   5.1848050e+03   2.7587762e+03   1.9646487e+03
   4.9846915e+03   3.0157432e+03   8.4661549e+02
   5.4653621e+03   2.0398289e+02   9.7873372e+02
   5.4488763e+03   2.0441827e+03   9.2744886e+02
   6.7710935e+02   5.1282879e+03   4.0643462e+02
   1.8598602e+03   5.0258874e+03   1.4989463e+03
   3.4456142e+03   3.2655446e+03   2.0947618e+03
   1.6426112e+02   2.9561431e+03   9.6218539e+01
   4.6319970e+03   1.9039228e+03   2.5401329e+03
   1.3779896e+03   3.2563510e+03   2.8130306e+03
   2.6760884e+02   3.0227489e+02   6.1854102e+01
   3.8162797e+03   3.3523197e+03   3.4209010e+02
   4.4589740e+03   3.4599633e+03   2.1064057e+02
   3.8796225e+02   7.6164138e+02   2.3666740e+03
   5.1743136e+02   1.3320652e+03   7.3094374e+02
   5.8700439e+02   4.8067755e+03   2.0945993e+03
   4.1089559e+03   3.6429715e+03   1.5488117e+03
   1.8277736e+03   3.7059467e+03   3.5269645e+02
   8.2777752e+02   1.1068212e+02   2.8928752e+03
   5.4340883e+03   6.9361884e+02   1.4022301e+03
   3.6774864e+03   1.6250392e+03   2.2636099e+03
   3.1254611e+03   2.3956385e+03   8.0158217e+02
   4.2209220e+03   5.0309074e+03   2.1853321e+03
   2.2782488e+03   5.2545687e+03   7.6628236e+02
   2.9857141e+03   5.3466273e+03   8.0324261e+02
   1.4004739e+03   5.1949672e+03   2.0574705e+02
   1.6766422e+03   3.3128678e+03   6.0989744e+02
   3.5609459e+03   4.4708734e+03   1.5051032e+03
   3.6445480e+03   4.4573479e+03   7.0012130e+02
   3.3646981e+03   6.2978932e+02   1.5472970e+03
   4.6919079e+03   5.1564246e+03   1.4946838e+03
   1.5546223e+03   3.6541118e+03   2.7518964e+03
   2.8551009e+03   5.4554723e+03   5.9183683e+02
   6.2263591e+02   1.6651840e+03   1.1892556e+03
   2.3562318e+03   1.7442620e+03   2.0815295e+03
   5.1448227e+02   2.2516963e+03   8.8554241e+02
   1.7163820e+03   5.9114233e+02   1.7814828e+03
   1.5832741e+03   8.6924108e+02   1.9760028e+00
   1.5881343e+03   3.0845409e+03   2.6127066e+03
   2.3661918e+02   5.0664431e+03   3.9292226e+02
   4.6688821e+03   4.4826229e+03   2.7536403e+03
   7.6890049e+02   2.8265010e+03   1.2148754e+03
   9.7200410e+02   3.2210282e+03   1.8186538e+03
   1.2008961e+03   2.9116206e+03   2.9675574e+03
   2.7435249e+03   3.8912900e+03   1.2342655e+03
   1.9474974e+02   1.6398567e+03   2.4043252e+03
   1.9404111e+03   4.6656929e+02   1.5333191e+03
   2.0542671e+03   4.1410852e+03   1.5742205e+03
   4.5053169e+03   4.5747026e+03   5.6841445e+02
   6.9268336e+02   4.5975803e+03   1.9136929e+03
   9.0270891e+01   5.0173459e+03   1.5461252e+03
   3.0493229e+03   3.3960764e+03   2.2813087e+03
   4.7899425e+03   2.1440633e+03   2.5394757e+02
   4.1096905e+03   1.8591403e+03   2.5192486e+03
   2.0816505e+03   4.6380055e+03   5.2955589e+02
   7.2531122e+02   4.9273481e+03   1.3223739e+02
   3.8456321e+03   4.1091283e+03   1.3115173e+03
   2.1270979e+03   5.4860817e+03   1.1969803e+03
   2.4650467e+03   8.7812417e+02   9.7810285e+02
   1.7587468e+03   5.0092037e+03   7.4107254e+02
   1.7398025e+03   2.2896659e+03   2.1240327e+03
   8.0437053e+02   4.8794036e+03   2.4946769e+02
   2.5857319e+03   1.7017853e+02   2.2596016e+03
   3.9202389e+03   1.2012686e+03   2.0397141e+03
   3.1208390e+03   4.7638019e+03   1.6756965e+03
   5.0499325e+03   2.3492991e+03   1.0743851e+03
   2.7383301e+03   1.4333880e+03   2.7875078e+03
   2.6138382e+03   1.4224440e+03   1.2936553e+03
   3.9341681e+03   2.2530473e+03   5.4552024e+02
   4.7950063e+03   3.2715269e+03   1.1207363e+03
   1.2414895e+03   1.2263671e+03   1.5666973e+03
   2.4271672e+03   4.1513023e+03   2.1134890e+02
   4.7450672e+03   3.8073293e+03   4.0995457e+02
   4.8070523e+03   1.1190711e+03   1.8220198e+03
   3.0410519e+03   9.0901828e+02   1.6959204e+01
   4.3203168e+03   4.2828103e+03   1.2632081e+03
   3.1815381e+02   3.2801832e+03   5.2246573e+02
   4.0802197e+03   2.9920299e+03   7.5919286e+02
   5.1355178e+03   4.2458894e+03   2.6610922e+03
   3.8526976e+02   1.0277579e+03   2.2112180e+03
   3.9016032e+03   4.3511603e+03   1.5057103e+03
   2.3827822e+03   3.4229279e+03   2.5673157e+03
   3.7564638e+03   2.9321155e+03   8.9644623e+02
   3.9422268e+03   2.1370209e+03   1.7030550e+03
   4.9720213e+03   4.7205160e+03   2.6963957e+03
   5.2584173e+03   4.5664369e+03   4.0734864e+00
   1.7307906e+01   4.8982537e+02   7.8218205e+02
   1.2767256e+02   2.3748750e+03   1.0231949e+03
   3.0315820e+03   5.1865469e+03   8.9549834e+02
   1.8932748e+03   4.8130886e+03   1.0214349e+03
   7.7347426e+02   2.8436741e+03   2.5699694e+03
   2.1521563e+03   3.8958692e+03   1.8837125e+03
   2.5221737e+03   2.6522605e+03   2.8491191e+03
   4.6758635e+02   1.5670420e+03   1.3410219e+03
   3.2903991e+03   4.9147512e+03   1.4073016e+03
   2.4495435e+03   4.1786357e+03   1.4037314e+03
   4.8206332e+03   2.6124673e+03   1.4943135e+03
   2.7296117e+03   1.2850251e+03   2.5665670e+02
   3.7734656e+02   4.9749892e+03   6.9950306e+02
   4.8249363e+03   3.9857165e+03   2.6184390e+03
   5.2528112e+03   7.8225996e+02   1.1817004e+03
   5.4911518e+03   3.6108465e+03   2.6892293e+03
   2.7004903e+03   7.8921221e+01   1.8686410e+03
   1.2941340e+03   2.9536302e+03   2.1749759e+03
   3.4015284e+03   3.2948521e+03   1.3003045e+03
   1.3673682e+03   2.4021780e+03   3.0532367e+01
   3.4094001e+03   5.3646611e+03   2.8633957e+02
   1.9930715e+02   4.9629166e+03   7.4082410e+02
   4.9924315e+01   4.5635535e+03   4.2149831e+02
   4.9272521e+03   5.3411000e+02   1.0576803e+03
   3.3231552e+03   3.2770172e+03   2.0030453e+03
   3.6289518e+03   2.4268668e+03   4.1927628e+02
   4.2108052e+03   1.3540060e+03   1.9513780e+03
   4.8012947e+03   4.7247464e+02   2.9162675e+03
   1.7617564e+02   4.6782655e+03   2.5071400e+03
   2.7920201e+02   3.0569628e+03   2.8295095e+03
   1.8002492e+03   4.5162141e+03   1.8041963e+03
   4.4218746e+03   4.4754362e+03   1.4869430e+02
   1.5859123e+03   3.6593582e+03   1.4689660e+03
   5.4479725e+03   4.1915435e+03   1.7035234e+03
   1.6741993e+03   1.4342148e+03   2.6596914e+03
   2.5020848e+03   4.5695286e+03   2.9501191e+02
   4.8137233e+03   1.5472245e+02   2.6974693e+03
   5.0396388e+03   2.9349937e+03   3.6059854e+02
   9.9564691e+02   3.9542025e+03   2.4940793e+03
   1.9506940e+02   4.2438968e+03   2.8713365e+03
   1.9200749e+03   3.5741648e+03   1.0290174e+03
   1.2122398e+03   4.4027235e+03   2.1692699e+03
   1.5614979e+03   3.2616160e+03   1.2630173e+03
   5.1558476e+02   1.3455302e+02   1.4734374e+03
   1.5582953e+03   1.9026401e+03   8.6204883e+02
   9.5705812e+02   2.2358746e+03   2.0929487e+03
   1.1405880e+03   3.7314283e+03   1.3291983e+03
   2.4264535e+03   9.8134088e+02   5.7960694e+02
   3.4519595e+03   1.5064594e+03   1.6790338e+03
   5.2907904e+03   4.0010412e+03   2.0376590e+03
   5.3725313e+03   4.3418721e+03   1.8231809e+03
   5.3088132e+03   3.3399309e+02   8.0613704e+02
   5.5254082e+03   4.3243577e+03   1.4260629e+03
   3.8130375e+03   2.3348346e+03   1.1404476e+03
   1.1943142e+03   2.1444527e+03   8.9003255e+01
   2.6449980e+03   1.8668870e+03   2.9275344e+03
   3.1104838e+03   4.7393004e+03   1.2241905e+03
   2.5873017e+03   4.6273176e+03   2.9736096e+03
   2.9341068e+03   5.1824466e+03   2.2170656e+03
   3.1776083e+03   5.4251549e+03   2.4734983e+03
   5.3738120e+03   3.6195380e+03   1.1387205e+03
   2.6688182e+03   5.1065830e+03   4.4561567e+01
   8.7748554e+02   2.6407801e+03   1.6289751e+03
   3.3426978e+02   3.6849697e+03   2.6689059e+03
   6.1394259e+02   2.4515294e+03   8.4069027e+02
   5.5173793e+03   3.4090488e+03   7.6124762e+02
   7.4264247e+02   3.0520274e+03   2.4834118e+03
   4.6872351e+03   4.6667524e+03   6.1114630e+02
   3.0487391e+03   4.8996792e+03   3.6300026e+02
   4.7955643e+03   5.0387457e+03   6.5359537e+02
   4.3108288e+02   2.6556049e+03   2.5050824e+03
   2.6286036e+03   2.3171117e+03   1.5082388e+03
   7.0246378e+02   7.4079782e+02   2.6114261e+03
   3.3765210e+03   1.4856897e+03   2.5944077e+03
   3.2541297e+02   2.5634218e+03   2.1666289e+03
   1.8983952e+03   2.2468312e+03   1.5809393e+03
   5.0077200e+03   4.3588197e+03   2.0810281e+02
   1.5611934e+03   2.1244711e+03   2.5940176e+03
   2.3517781e+03   1.3433139e+03   1.7929635e+03
   2.6846647e+03   5.0318660e+03   2.8041277e+03
   4.5801663e+03   3.9698903e+03   2.2296617e+03
   5.0383748e+03   3.6534291e+02   1.0077335e+03
   2.4276407e+01   4.6373354e+03   1.5223061e+03
   2.0505096e+03   1.2691824e+03   1.6044951e+03
   1.6211153e+03   3.8287703e+02   2.5491224e+02
   3.8270102e+02   2.2949724e+03   3.7014415e+02
   2.4808929e+03   5.0340625e+03   1.0609170e+03
   6.7299747e+02   3.1870217e+03   2.6250982e+03
   1.9520199e+03   2.3475763e+02   4.2701916e+02
   4.2891988e+02   4.1469489e+03   1.3695754e+03
   3.7421962e+03   3.9157780e+03   1.7140716e+03
   3.5206827e+03   4.9154780e+03   1.9870552e+03
   4.9023162e+03   2.6180953e+03   4.2400809e+02
   3.8155296e+02   3.9997575e+03   9.2395808e+02
   3.7585182e+03   3.6535567e+03   1.5931465e+03
   4.0045994e+03   2.8269395e+03   1.4639981e+03
   2.7878945e+03   5.2414631e+03   1.1678450e+03
   6.5601293e+02   1.3463719e+03   2.0547255e+03
   4.6998202e+03   5.4328099e+03   6.4550884e+02
   4.2579227e+03   3.2709760e+03   1.2088547e+03
   2.8562259e+03   2.7756076e+03   1.9541050e+03
   4.1647544e+03   1.6909394e+03   2.6883581e+02
   4.6254067e+03   2.1816872e+03   2.3259146e+03
   1.0044669e+03   6.1242277e+02   2.7154750e+03
   4.9075656e+03   5.5988384e+03   2.5927641e+03
   2.0651412e+02   3.0502217e+03   2.9928485e+03
   2.8616457e+03   4.8916682e+03   2.1066442e+02
   5.5302169e+03   5.1671952e+03   1.6927828e+03
   2.4161875e+03   1.8919296e+03   2.1621703e+03
   7.6471173e+01   2.0947371e+03   2.7680557e+03
   3.0602860e+03   2.6537665e+03   1.4896120e+03
   1.7302381e+03   5.3246903e+03   2.9459798e+03
   2.8759534e+03   5.5585030e+03   1.3675311e+03
   2.3858289e+03   1.1940028e+03   5.7974844e+02
   4.6634238e+03   4.0691678e+03   1.5892371e+03
   4.6428521e+03   2.8664968e+03   1.6558855e+03
   1.1943954e+03   3.2917955e+03   4.2828968e+02
   2.9245176e+02   3.8265243e+03   1.8256784e+03
   1.2300732e+03   2.2751677e+03   1.8897238e+03
   3.1097227e+03   7.1444275e+02   5.0759499e+02
   5.5967415e+00   2.3417098e+03   1.4654570e+03
   8.9526552e+02   3.7342960e+03   5.3761107e+01
   6.7018200e+02   5.3319017e+03   2.9275619e+03
   1.7312142e+02   2.7657383e+03   2.5881664e+03
   1.3601065e+03   4.6719129e+03   2.4407736e+03
   3.5222494e+03   1.2533912e+01   1.1391718e+03
   5.0646719e+03   3.8099693e+03   1.1364694e+03
   3.5389464e+03   1.3623093e+03   1.7142392e+03
   5.4976811e+03   4.7582193e+03   8.5033256e+02
   3.8217629e+03   2.0054974e+03   2.9607803e+03
   4.7032326e+02   1.4017130e+03   2.4340398e+03
   4.7276938e+02   2.9750222e+03   2.4018689e+03
   4.1374102e+03   7.9331269e+02   1.3136828e+03
   1.9621301e+03   2.6795860e+03   1.7622102e+03
   8.1651189e+02   5.0698514e+03   1.9205827e+03
   9.1246160e+02   3.1690993e+03   2.7948484e+03
   4.3853705e+03   3.8398480e+03   1.3986579e+03
   1.4577813e+03   3.1879018e+03   7.4631199e+02
   1.7880889e+03   5.1004925e+03   2.6556601e+03
   4.4497008e+03   5.1845349e+03   5.3651985e+02
   2.8982304e+03   3.5112298e+03   2.7395470e+03
   3.7182222e+03   2.1794798e+03   2.2200227e+03
   4.5787552e+03   3.3619308e+03   2.5499119e+02
   5.1652048e+03   3.0014777e+02   1.5810749e+03
   6.6557835e+02   2.1288007e+03   2.4384976e+03
   1.3669371e+03   4.9527669e+03   2.1379404e+03
   2.1176313e+03   1.3939498e+03   7.5856124e+02
   4.2965641e+03   2.7922656e+02   2.0558657e+03
   3.4735575e+03   4.1814339e+03   2.9317669e+03
   2.1499157e+03   1.4571514e+03   2.6324086e+03
   4.5141375e+03   2.5822780e+03   2.7288506e+02
   3.1599054e+03   1.0493442e+03   1.5950688e+03
   1.9881866e+03   1.7627876e+03   2.1802244e+03
   2.8883280e+03   4.4276114e+03   6.1347774e+02
   3.7973940e+03   2.9391904e+02   2.4035171e+03
   3.7999844e+03   5.2976501e+03   2.7467443e+02
   5.0872549e+03   2.8557370e+03   1.8447107e+03
   1.7699987e+03   4.3392990e+02   2.5518422e+03
   8.0935068e+02   2.0747204e+03   1.8671743e+03
   5.5862907e+03   2.8971271e+03   2.9715336e+03
   1.2685930e+03   2.2288290e+03   2.0897061e+03
   3.6198825e+02   4.1869049e+03   1.2612013e+03
   4.5433776e+03   2.1257896e+03   9.5720346e+02
